>seq1 DDX6_HepG2_profile,DDX6_HepG2_profile_control,DDX6_HepG2_profile_target,DDX6_HepG2_mixing_coefficient
UUCUCU
0.17577577 0.25581953 0.10447624 0.14450364 0.14463347 0.17479144
0.22062601 0.20451994 0.11411826 0.16268885 0.10676294 0.19128402
0.17131978 0.26091623 0.10351828 0.14269689 0.14839597 0.17315285
0.90962660
>seq2 DDX6_HepG2_profile,DDX6_HepG2_profile_control,DDX6_HepG2_profile_target,DDX6_HepG2_mixing_coefficient
AUCUCU
0.18494797 0.24950992 0.09433808 0.15550095 0.14419006 0.17151305
0.30770898 0.16022314 0.10814946 0.15095647 0.10060789 0.17235397
0.17247479 0.25858194 0.09293479 0.15596269 0.14861824 0.17142761
0.90776610
